### $Id: Nitrite.R,v 1.1 1999/05/20 14:22:32 bates Exp $
### Nitrite utilization data from an experiment conducted on two days
"Nitrite" <-
  structure(list(light = c(2.2, 2.2, 2.2, 5.5, 5.5, 5.5, 9.6, 9.6, 9.6, 17.5,
                   17.5, 17.5, 27, 27, 27, 46, 46, 46, 94, 94, 94, 170, 170, 170,
                   2.2, 2.2, 2.2, 5.5, 5.5, 5.5, 9.6, 9.6, 9.6, 17.5, 17.5, 17.5,
                   27, 27, 27, 46, 46, 46, 94, 94, 94, 170, 170, 170),
                 utilization = c(256, 685, 1537, 2148, 2583, 3376, 3634, 4960,
                   3814, 6986, 6903, 7636, 9884, 11597, 10221, 17319, 16539,
                   15047, 19250, 20282, 18357, 19638, 19043, 17475, 549, 1550,
                   1882, 1888, 3372, 2362, 4561, 4939, 4356, 7548, 7471, 7642,
                   9684, 8988, 8385, 13505, 15324, 15430, 17842, 18185, 17331,
                   18202, 18315, 15605),
                 day = structure(c(1, 1, 1, 1, 1, 1, 1, 1, 1, 1, 1, 1, 1, 1, 
                   1, 1, 1, 1, 1, 1, 1, 1, 1, 1, 2, 2, 2, 2, 2, 2, 2, 2, 2, 2, 2, 
                   2, 2, 2, 2, 2, 2, 2, 2, 2, 2, 2, 2, 2),
                   .Label = c("1", "2"), class = "factor")),
            .Names = c("light", "utilization", "day"),
            row.names = as.character(1:48),
            class = "data.frame",
            reference = "A1.12, p. 279")
