### $Id: Sacch2.R,v 1.1 1999/05/20 14:22:32 bates Exp $
"Sacch2" <-
  structure(list(time = c(0, 5, 15, 30, 45, 60, 75, 90, 105, 120),
                 conc = c(0, 184.3, 102, 50.5, 24.9, 14.1, 8, 5.7, 4, 2.9)),
            .Names = c("time", "conc"),
            row.names = as.character(1:10),
            class = "data.frame",
            reference = "A4.3, p. 306")

