### $Id: Saccharin.R,v 1.1 1999/05/20 14:22:32 bates Exp $
"Saccharin" <-
  structure(list(start = c(0, 5, 15, 30, 45, 60, 75, 90, 105), 
                 length = c(5, 10, 15, 15, 15, 15, 15, 15, 15),
                 sacch = c(7518, 6275, 4989, 2580, 1485, 861, 561, 363, 300)),
            .Names = c("start", "length", "sacch"),
            row.names = c("1", "2", "3", "4", "5", "6", "7", "8", "9"),
            class = "data.frame",
            reference = "A1.11, p. 277")
