### $Id: Sulfi.R,v 1.1 1999/05/20 14:22:32 bates Exp $
"Sulfi" <-
  structure(list(time = c(0.25, 0.5, 0.75, 1, 1.5, 2, 3, 4, 6, 12, 24, 48),
                 conc = c(215.6, 189.2, 176, 162.8, 138.6, 121, 101.2, 88,
                   61.6, 22, 4.4, 0.1)),
            .Names = c("time", "conc"),
            row.names = as.character(1:12),
            class = "data.frame",
            reference = "A1.7, p. 273")
