### $Id: Tetra.R,v 1.1 1999/05/20 14:22:32 bates Exp $
"Tetra" <-
  structure(list(time = c(1, 2, 3, 4, 6, 8, 10, 12, 16),
                 conc = c(0.7, 1.2, 1.4, 1.4, 1.1, 0.8, 0.6, 0.5, 0.3)),
            .Names = c("time", "conc"),
            row.names = c("1", "2", "3", "4", "5", "6", "7", "8", "9"),
            class = "data.frame",
            reference = "A1.14, p. 281")

